555210
555211
555212
555213
555214
55528
55529
555315
555316
555317
555318
555319
555320
555321
555322
555423
555424
555425
555427
555428
555429
555530
555532
555534
555535
555536
555637
555638
555639
555640
555641
555642
555744
555746
555747
555748
555749
555750
555851
555853
555854
555855
555856
555857
555958
555959
555960
555962
555963
555964
556065
556066
556067
556068
556069
556071
556172
556173
556174
556176
556177
556178
556179
556281
556282
556283
556387
5564100
5564101
556494
556495
556496
556497
556498
556499
5565103
5565105
5565106
5565107
5566109
5566110
5566111
5566112
5566113
5566115
5567116
5567117
5567118
5567119
5567120
5567121
5567122
5568123
5568125
5568126
5568127
5568128
5568129
5569131
5569132
5569133
5569134
5569135
5569136
5570137
5570139
5570140
5570141
5570143
5571144
5571145
5571146
5571147
5571148
5571149
5572151
5572153
5572154
5577155
5577156
5578157
5578158
5578159
5578160
5578161
5578162
5578163
5579164
5579165
5579166
5579168
5580170
5580171
5580177
5581181
5581182
5581183
5582186
5582188
5582191
5583194
5584201
5584202
5584203
5584204
5585205
5585206
5585207
5585211
5586212
5586213
5586214
5586215
5586216
5586217
5586218
5587219
5587220
5587221
5587224
5587225
5588226
5588227
5588228
5588229
5588230
5588231
5588232
5589234
5589235
5589238
5589239
5590241
5590242
5590243
5590245
5590246
5591247
5591251
5592257
5593264
5593265
5593266
5593267
5594268
5594270
5594271
5594272
5594273
5594274
5595275
5595276
5595278
5595281
5596282
5596283
597810
597911
597913
597914
597915
597916
597917
598018
598019
598020
598021
598022
598023
598024
598125
598127
598128
598129
598130
598131
598232
598233
598234
598235
598236
598238
598339
598341
598342
598344
598346
598448
598450
598451
598452
598554
598556
598558
598559
598661
598662
598663
598664
598665
598666
598667
598769
598770
598774
598875
598876
598877
598878
598879
598880
598881
598982
598985
598986
598987
598988
599089
599090
599091
599092
599094
599095
599196
599197
599198
599199
5992103
5992104
5992105
5992106
5992108
5992109
5993110
5993111
5993112
5993113
5993114
5993115
5993116
5994118
5994119
5994121
5994122
5994123
5995126
5995128
5995129
5995130
5996131
5996132
5996133
5996134
5996135
5996136
5996137
5997138
5997140
5997141
5997142
5997143
5997144
6002146
6003147
6003148
6003149
6003150
6003151
6003152
6003153
6004154
6004155
6004156
6004157
6004158
6004159
6004160
6005161
6005162
6005163
6005164
6005165
6005166
6005167
6006169
6006170
6006171
6006172
6006173
6006174
6007175
6007176
6007178
6007179
6007180
6008182
6008183
6008185
6008186
6008187
6008188
6009189
6009190
6009191
6009192
6009193
6009194
6010195
6010196
6010197
6010198
6010199
6010200
6010201
6011202
6011203
6011204
6011205
6011206
6011207
6011208
6012209
6012210
6012211
6012212
6012213
6012214
6012215
6013216
6013217
6013218
6013219
6013220
6013221
6013222
6014223
6014224
6014225
6014226
6014227
6014228
6014229
6015230
6015231
6015232
6015233
6015234
6015235
6016236
6016237
6016238
6016239
6016240
6016241
6019242
6019243
6019244
6019245
6020246
6020247
6020248
6020249
6020250
6020251
6020252
6021253
6021254
6021255
6021258
6021259
6022260
6022261
6022262
6022264
6022265
6023266
6023267
6023268
6023269
6024274
6024275
6025281
6025282
6025283
6025284
6025285
6025286
